4 - Testing [0, 1, 1, 1, 0, 0, 0, 0] got 78069.27630325186 Min -> 78069.27630325186  [0, 1, 1, 1, 0, 0, 0, 0]
5 - Testing [0, 1, 1, 1, 1, 0, 0, 0] got 43463.52792584507 Min -> 43463.52792584507  [0, 1, 1, 1, 1, 0, 0, 0]
6 - Testing [0, 1, 1, 1, 1, 1, 0, 0] got 32001.68756596659 Min -> 32001.68756596659  [0, 1, 1, 1, 1, 1, 0, 0]
7 - Testing [0, 1, 1, 1, 1, 1, 1, 0] got 24721.217489611572 Min -> 24721.217489611572  [0, 1, 1, 1, 1, 1, 1, 0]
8 - Testing [0, 1, 1, 1, 1, 1, 1, 1] got 20270.478332306597 Min -> 20270.478332306597  [0, 1, 1, 1, 1, 1, 1, 1]
9 - Testing [0, 1, 1, 1, 1, 1, 1, 2] got 17299.493919217388 Min -> 17299.493919217388  [0, 1, 1, 1, 1, 1, 1, 2]
10 - Testing [0, 1, 1, 1, 1, 1, 2, 0] got 20351.332001441267 Min -> 17299.493919217388  [0, 1, 1, 1, 1, 1, 2, 0]
 11 - Testing [0, 1, 1, 1, 1, 1, 2, 1] got 17366.605266930943 Min -> 17299.493919217388  [0, 1, 1, 1, 1, 1, 2, 1]
12 - Testing [0, 1, 1, 1, 1, 1, 2, 2] got 15232.651074307732 Min -> 15232.651074307732  [0, 1, 1, 1, 1, 1, 2, 2]
13 - Testing [0, 1, 1, 1, 1, 2, 0, 0] got 26083.249209411097 Min -> 15232.651074307732  [0, 1, 1, 1, 1, 2, 0, 0]
14 - Testing [0, 1, 1, 1, 1, 2, 1, 0] got 21436.518699154585 Min -> 15232.651074307732  [0, 1, 1, 1, 1, 2, 1, 0]
15 - Testing [0, 1, 1, 1, 1, 2, 1, 1] got 18270.66667749481 Min -> 15232.651074307732  [0, 1, 1, 1, 1, 2, 1, 1]
16 - Testing [0, 1, 1, 1, 1, 2, 1, 2] got 16007.151886385502 Min -> 15232.651074307732  [0, 1, 1, 1, 1, 2, 1, 2]
17 - Testing [0, 1, 1, 1, 1, 2, 2, 0] got 18337.65675847153 Min -> 15232.651074307732  [0, 1, 1, 1, 1, 2, 2, 0]
18 - Testing [0, 1, 1, 1, 1, 2, 2, 1] got 16064.301632863524 Min -> 15232.651074307732  [0, 1, 1, 1, 1, 2, 2, 1]
19 - Testing [0, 1, 1, 1, 1, 2, 2, 2] got 14355.85658616658 Min -> 14355.85658616658  [0, 1, 1, 1, 1, 2, 2, 2]
20 - Testing [0, 1, 1, 1, 2, 0, 0, 0] got 29946.02299031596 Min -> 14355.85658616658  [0, 1, 1, 1, 2, 0, 0, 0]
21 - Testing [0, 1, 1, 1, 2, 1, 0, 0] got 24619.806435057817 Min -> 14355.85658616658  [0, 1, 1, 1, 2, 1, 0, 0]
22 - Testing [0, 1, 1, 1, 2, 1, 1, 0] got 20270.467654221062 Min -> 14355.85658616658  [0, 1, 1, 1, 2, 1, 1, 0]
23 - Testing [0, 1, 1, 1, 2, 1, 1, 1] got 17299.484995885578 Min -> 14355.85658616658  [0, 1, 1, 1, 2, 1, 1, 1]
24 - Testing [0, 1, 1, 1, 2, 1, 1, 2] got 15175.292096353112 Min -> 14355.85658616658  [0, 1, 1, 1, 2, 1, 1, 2]
25 - Testing [0, 1, 1, 1, 2, 1, 2, 0] got 17366.5963385684 Min -> 14355.85658616658  [0, 1, 1, 1, 2, 1, 2, 0]
26 - Testing [0, 1, 1, 1, 2, 1, 2, 1] got 15232.6434139 Min -> 14355.85658616658  [0, 1, 1, 1, 2, 1, 2, 1]
27 - Testing [0, 1, 1, 1, 2, 1, 2, 2] got 13628.783782862612 Min -> 13628.783782862612  [0, 1, 1, 1, 2, 1, 2, 2]
28 - Testing [0, 1, 1, 1, 2, 2, 0, 0] got 21356.054597152914 Min -> 13628.783782862612  [0, 1, 1, 1, 2, 2, 0, 0]
29 - Testing [0, 1, 1, 1, 2, 2, 1, 0] got 18270.657733885997 Min -> 13628.783782862612  [0, 1, 1, 1, 2, 2, 1, 0]
30 - Testing [0, 1, 1, 1, 2, 2, 1, 1] got 16007.14417850326 Min -> 13628.783782862612  [0, 1, 1, 1, 2, 2, 1, 1]
31 - Testing [0, 1, 1, 1, 2, 2, 1, 2] got 14306.40615771079 Min -> 13628.783782862612  [0, 1, 1, 1, 2, 2, 1, 2]
32 - Testing [0, 1, 1, 1, 2, 2, 2, 0] got 16064.293930764004 Min -> 13628.783782862612  [0, 1, 1, 1, 2, 2, 2, 0]
33 - Testing [0, 1, 1, 1, 2, 2, 2, 1] got 14355.849861202896 Min -> 13628.783782862612  [0, 1, 1, 1, 2, 2, 2, 1]
34 - Testing [0, 1, 1, 1, 2, 2, 2, 2] got 13024.68360269999 Min -> 13024.68360269999  [0, 1, 1, 1, 2, 2, 2, 2]
35 - Testing [0, 1, 1, 2, 0, 0, 0, 0] got 78069.27630325186 Min -> 13024.68360269999  [0, 1, 1, 2, 0, 0, 0, 0]
36 - Testing [0, 1, 1, 2, 1, 0, 0, 0] got 56288.07739092021 Min -> 13024.68360269999  [0, 1, 1, 2, 1, 0, 0, 0]
37 - Testing [0, 1, 1, 2, 1, 1, 0, 0] got 45019.47837506047 Min -> 13024.68360269999  [0, 1, 1, 2, 1, 1, 0, 0]
38 - Testing [0, 1, 1, 2, 1, 1, 1, 0] got 36765.873076142416 Min -> 13024.68360269999  [0, 1, 1, 2, 1, 1, 1, 0]
39 - Testing [0, 1, 1, 2, 1, 1, 1, 1] got 31053.401905822226 Min -> 13024.68360269999  [0, 1, 1, 2, 1, 1, 1, 1]
40 - Testing [0, 1, 1, 2, 1, 1, 1, 2] got 26971.62301229638 Min -> 13024.68360269999  [0, 1, 1, 2, 1, 1, 1, 2]
41 - Testing [0, 1, 1, 2, 1, 1, 2, 0] got 31121.14839367837 Min -> 13024.68360269999  [0, 1, 1, 2, 1, 1, 2, 0]
42 - Testing [0, 1, 1, 2, 1, 1, 2, 1] got 27029.594499500217 Min -> 13024.68360269999  [0, 1, 1, 2, 1, 1, 2, 1]
43 - Testing [0, 1, 1, 2, 1, 1, 2, 2] got 23960.365080235 Min -> 13024.68360269999  [0, 1, 1, 2, 1, 1, 2, 2]
44 - Testing [0, 1, 1, 2, 1, 2, 0, 0] got 37905.690456076816 Min -> 13024.68360269999  [0, 1, 1, 2, 1, 2, 0, 0]
45 - Testing [0, 1, 1, 2, 1, 2, 1, 0] got 32069.406208557553 Min -> 13024.68360269999  [0, 1, 1, 2, 1, 2, 1, 0]
46 - Testing [0, 1, 1, 2, 1, 2, 1, 1] got 27841.63914363455 Min -> 13024.68360269999  [0, 1, 1, 2, 1, 2, 1, 1]
47 - Testing [0, 1, 1, 2, 1, 2, 1, 2] got 24670.530388334915 Min -> 13024.68360269999  [0, 1, 1, 2, 1, 2, 1, 2]
48 - Testing [0, 1, 1, 2, 1, 2, 2, 0] got 27899.60837274455 Min -> 13024.68360269999  [0, 1, 1, 2, 1, 2, 2, 0]
49 - Testing [0, 1, 1, 2, 1, 2, 2, 1] got 24721.224186798976 Min -> 13024.68360269999  [0, 1, 1, 2, 1, 2, 2, 1]
50 - Testing [0, 1, 1, 2, 1, 2, 2, 2] got 22249.0014135639 Min -> 13024.68360269999  [0, 1, 1, 2, 1, 2, 2, 2]
51 - Testing [0, 1, 1, 2, 2, 0, 0, 0] got 43463.52792584507 Min -> 13024.68360269999  [0, 1, 1, 2, 2, 0, 0, 0]
52 - Testing [0, 1, 1, 2, 2, 1, 0, 0] got 36684.279808842955 Min -> 13024.68360269999  [0, 1, 1, 2, 2, 1, 0, 0]
53 - Testing [0, 1, 1, 2, 2, 1, 1, 0] got 31053.393052036903 Min -> 13024.68360269999  [0, 1, 1, 2, 2, 1, 1, 0]
54 - Testing [0, 1, 1, 2, 2, 1, 1, 1] got 26971.61541382487 Min -> 13024.68360269999  [0, 1, 1, 2, 2, 1, 1, 1]
55 - Testing [0, 1, 1, 2, 2, 1, 1, 2] got 23909.65396114396 Min -> 13024.68360269999  [0, 1, 1, 2, 2, 1, 1, 2]
56 - Testing [0, 1, 1, 2, 2, 1, 2, 0] got 27029.586900888455 Min -> 13024.68360269999  [0, 1, 1, 2, 2, 1, 2, 0]
57 - Testing [0, 1, 1, 2, 2, 1, 2, 1] got 23960.358446146653 Min -> 13024.68360269999  [0, 1, 1, 2, 2, 1, 2, 1]
58 - Testing [0, 1, 1, 2, 2, 1, 2, 2] got 21572.815575873283 Min -> 13024.68360269999  [0, 1, 1, 2, 2, 1, 2, 2]
59 - Testing [0, 1, 1, 2, 2, 2, 0, 0] got 32001.68756596659 Min -> 13024.68360269999  [0, 1, 1, 2, 2, 2, 0, 0]
60 - Testing [0, 1, 1, 2, 2, 2, 1, 0] got 27841.631514395056 Min -> 13024.68360269999  [0, 1, 1, 2, 2, 2, 1, 0]
61 - Testing [0, 1, 1, 2, 2, 2, 1, 1] got 24670.523696721306 Min -> 13024.68360269999  [0, 1, 1, 2, 2, 2, 1, 1]
62 - Testing [0, 1, 1, 2, 2, 2, 1, 2] got 22203.947021839496 Min -> 13024.68360269999  [0, 1, 1, 2, 2, 2, 1, 2]
63 - Testing [0, 1, 1, 2, 2, 2, 2, 0] got 24721.217489611572 Min -> 13024.68360269999  [0, 1, 1, 2, 2, 2, 2, 0]
64 - Testing [0, 1, 1, 2, 2, 2, 2, 1] got 22248.99546355443 Min -> 13024.68360269999  [0, 1, 1, 2, 2, 2, 2, 1]
65 - Testing [0, 1, 1, 2, 2, 2, 2, 2] got 20270.478332306597 Min -> 13024.68360269999  [0, 1, 1, 2, 2, 2, 2, 2]
67 - Testing [0, 1, 2, 1, 0, 0, 0, 0] got 78069.27630325186 Min -> 13024.68360269999  [0, 1, 2, 1, 0, 0, 0, 0]
68 - Testing [0, 1, 2, 1, 1, 0, 0, 0] got 43463.52792584507 Min -> 13024.68360269999  [0, 1, 2, 1, 1, 0, 0, 0]
69 - Testing [0, 1, 2, 1, 1, 1, 0, 0] got 32001.68756596659 Min -> 13024.68360269999  [0, 1, 2, 1, 1, 1, 0, 0]
70 - Testing [0, 1, 2, 1, 1, 1, 1, 0] got 24721.217489611572 Min -> 13024.68360269999  [0, 1, 2, 1, 1, 1, 1, 0]
71 - Testing [0, 1, 2, 1, 1, 1, 1, 1] got 20270.478332306597 Min -> 13024.68360269999  [0, 1, 2, 1, 1, 1, 1, 1]
72 - Testing [0, 1, 2, 1, 1, 1, 1, 2] got 17299.493919217388 Min -> 13024.68360269999  [0, 1, 2, 1, 1, 1, 1, 2]
73 - Testing [0, 1, 2, 1, 1, 1, 2, 0] got 20351.332001441267 Min -> 13024.68360269999  [0, 1, 2, 1, 1, 1, 2, 0]
74 - Testing [0, 1, 2, 1, 1, 1, 2, 1] got 17366.605266930943 Min -> 13024.68360269999  [0, 1, 2, 1, 1, 1, 2, 1]
75 - Testing [0, 1, 2, 1, 1, 1, 2, 2] got 15232.651074307732 Min -> 13024.68360269999  [0, 1, 2, 1, 1, 1, 2, 2]
76 - Testing [0, 1, 2, 1, 1, 2, 0, 0] got 26083.249209411097 Min -> 13024.68360269999  [0, 1, 2, 1, 1, 2, 0, 0]
77 - Testing [0, 1, 2, 1, 1, 2, 1, 0] got 21436.518699154585 Min -> 13024.68360269999  [0, 1, 2, 1, 1, 2, 1, 0]
78 - Testing [0, 1, 2, 1, 1, 2, 1, 1] got 18270.66667749481 Min -> 13024.68360269999  [0, 1, 2, 1, 1, 2, 1, 1]
79 - Testing [0, 1, 2, 1, 1, 2, 1, 2] got 16007.151886385502 Min -> 13024.68360269999  [0, 1, 2, 1, 1, 2, 1, 2]
80 - Testing [0, 1, 2, 1, 1, 2, 2, 0] got 18337.65675847153 Min -> 13024.68360269999  [0, 1, 2, 1, 1, 2, 2, 0]
81 - Testing [0, 1, 2, 1, 1, 2, 2, 1] got 16064.301632863524 Min -> 13024.68360269999  [0, 1, 2, 1, 1, 2, 2, 1]
82 - Testing [0, 1, 2, 1, 1, 2, 2, 2] got 14355.85658616658 Min -> 13024.68360269999  [0, 1, 2, 1, 1, 2, 2, 2]
83 - Testing [0, 1, 2, 1, 2, 0, 0, 0] got 29946.02299031596 Min -> 13024.68360269999  [0, 1, 2, 1, 2, 0, 0, 0]
84 - Testing [0, 1, 2, 1, 2, 1, 0, 0] got 24619.806435057817 Min -> 13024.68360269999  [0, 1, 2, 1, 2, 1, 0, 0]
85 - Testing [0, 1, 2, 1, 2, 1, 1, 0] got 20270.467654221062 Min -> 13024.68360269999  [0, 1, 2, 1, 2, 1, 1, 0]
86 - Testing [0, 1, 2, 1, 2, 1, 1, 1] got 17299.484995885578 Min -> 13024.68360269999  [0, 1, 2, 1, 2, 1, 1, 1]
87 - Testing [0, 1, 2, 1, 2, 1, 1, 2] got 15175.292096353112 Min -> 13024.68360269999  [0, 1, 2, 1, 2, 1, 1, 2]
88 - Testing [0, 1, 2, 1, 2, 1, 2, 0] got 17366.5963385684 Min -> 13024.68360269999  [0, 1, 2, 1, 2, 1, 2, 0]
89 - Testing [0, 1, 2, 1, 2, 1, 2, 1] got 15232.6434139 Min -> 13024.68360269999  [0, 1, 2, 1, 2, 1, 2, 1]
90 - Testing [0, 1, 2, 1, 2, 1, 2, 2] got 13628.783782862612 Min -> 13024.68360269999  [0, 1, 2, 1, 2, 1, 2, 2]
91 - Testing [0, 1, 2, 1, 2, 2, 0, 0] got 21356.054597152914 Min -> 13024.68360269999  [0, 1, 2, 1, 2, 2, 0, 0]
92 - Testing [0, 1, 2, 1, 2, 2, 1, 0] got 18270.657733885997 Min -> 13024.68360269999  [0, 1, 2, 1, 2, 2, 1, 0]
93 - Testing [0, 1, 2, 1, 2, 2, 1, 1] got 16007.14417850326 Min -> 13024.68360269999  [0, 1, 2, 1, 2, 2, 1, 1]
94 - Testing [0, 1, 2, 1, 2, 2, 1, 2] got 14306.40615771079 Min -> 13024.68360269999  [0, 1, 2, 1, 2, 2, 1, 2]
95 - Testing [0, 1, 2, 1, 2, 2, 2, 0] got 16064.293930764004 Min -> 13024.68360269999  [0, 1, 2, 1, 2, 2, 2, 0]
96 - Testing [0, 1, 2, 1, 2, 2, 2, 1] got 14355.849861202896 Min -> 13024.68360269999  [0, 1, 2, 1, 2, 2, 2, 1]
97 - Testing [0, 1, 2, 1, 2, 2, 2, 2] got 13024.68360269999 Min -> 13024.68360269999  [0, 1, 2, 1, 2, 2, 2, 2]
98 - Testing [0, 1, 2, 2, 0, 0, 0, 0] got 78069.27630325186 Min -> 13024.68360269999  [0, 1, 2, 2, 0, 0, 0, 0]
99 - Testing [0, 1, 2, 2, 1, 0, 0, 0] got 56288.07739092021 Min -> 13024.68360269999  [0, 1, 2, 2, 1, 0, 0, 0]
100 - Testing [0, 1, 2, 2, 1, 1, 0, 0] got 45019.47837506047 Min -> 13024.68360269999  [0, 1, 2, 2, 1, 1, 0, 0]
101 - Testing [0, 1, 2, 2, 1, 1, 1, 0] got 36765.873076142416 Min -> 13024.68360269999  [0, 1, 2, 2, 1, 1, 1, 0]
102 - Testing [0, 1, 2, 2, 1, 1, 1, 1] got 31053.401905822226 Min -> 13024.68360269999  [0, 1, 2, 2, 1, 1, 1, 1]
103 - Testing [0, 1, 2, 2, 1, 1, 1, 2] got 26971.62301229638 Min -> 13024.68360269999  [0, 1, 2, 2, 1, 1, 1, 2]
104 - Testing [0, 1, 2, 2, 1, 1, 2, 0] got 31121.14839367837 Min -> 13024.68360269999  [0, 1, 2, 2, 1, 1, 2, 0]
105 - Testing [0, 1, 2, 2, 1, 1, 2, 1] got 27029.594499500217 Min -> 13024.68360269999  [0, 1, 2, 2, 1, 1, 2, 1]
106 - Testing [0, 1, 2, 2, 1, 1, 2, 2] got 23960.365080235 Min -> 13024.68360269999  [0, 1, 2, 2, 1, 1, 2, 2]
107 - Testing [0, 1, 2, 2, 1, 2, 0, 0] got 37905.690456076816 Min -> 13024.68360269999  [0, 1, 2, 2, 1, 2, 0, 0]
108 - Testing [0, 1, 2, 2, 1, 2, 1, 0] got 32069.406208557553 Min -> 13024.68360269999  [0, 1, 2, 2, 1, 2, 1, 0]
109 - Testing [0, 1, 2, 2, 1, 2, 1, 1] got 27841.63914363455 Min -> 13024.68360269999  [0, 1, 2, 2, 1, 2, 1, 1]
110 - Testing [0, 1, 2, 2, 1, 2, 1, 2] got 24670.530388334915 Min -> 13024.68360269999  [0, 1, 2, 2, 1, 2, 1, 2]
111 - Testing [0, 1, 2, 2, 1, 2, 2, 0] got 27899.60837274455 Min -> 13024.68360269999  [0, 1, 2, 2, 1, 2, 2, 0]
112 - Testing [0, 1, 2, 2, 1, 2, 2, 1] got 24721.224186798976 Min -> 13024.68360269999  [0, 1, 2, 2, 1, 2, 2, 1]
113 - Testing [0, 1, 2, 2, 1, 2, 2, 2] got 22249.0014135639 Min -> 13024.68360269999  [0, 1, 2, 2, 1, 2, 2, 2]
114 - Testing [0, 1, 2, 2, 2, 0, 0, 0] got 43463.52792584507 Min -> 13024.68360269999  [0, 1, 2, 2, 2, 0, 0, 0]
115 - Testing [0, 1, 2, 2, 2, 1, 0, 0] got 36684.279808842955 Min -> 13024.68360269999  [0, 1, 2, 2, 2, 1, 0, 0]
116 - Testing [0, 1, 2, 2, 2, 1, 1, 0] got 31053.393052036903 Min -> 13024.68360269999  [0, 1, 2, 2, 2, 1, 1, 0]
117 - Testing [0, 1, 2, 2, 2, 1, 1, 1] got 26971.61541382487 Min -> 13024.68360269999  [0, 1, 2, 2, 2, 1, 1, 1]
118 - Testing [0, 1, 2, 2, 2, 1, 1, 2] got 23909.65396114396 Min -> 13024.68360269999  [0, 1, 2, 2, 2, 1, 1, 2]
119 - Testing [0, 1, 2, 2, 2, 1, 2, 0] got 27029.586900888455 Min -> 13024.68360269999  [0, 1, 2, 2, 2, 1, 2, 0]
120 - Testing [0, 1, 2, 2, 2, 1, 2, 1] got 23960.358446146653 Min -> 13024.68360269999  [0, 1, 2, 2, 2, 1, 2, 1]
121 - Testing [0, 1, 2, 2, 2, 1, 2, 2] got 21572.815575873283 Min -> 13024.68360269999  [0, 1, 2, 2, 2, 1, 2, 2]
122 - Testing [0, 1, 2, 2, 2, 2, 0, 0] got 32001.68756596659 Min -> 13024.68360269999  [0, 1, 2, 2, 2, 2, 0, 0]
123 - Testing [0, 1, 2, 2, 2, 2, 1, 0] got 27841.631514395056 Min -> 13024.68360269999  [0, 1, 2, 2, 2, 2, 1, 0]
124 - Testing [0, 1, 2, 2, 2, 2, 1, 1] got 24670.523696721306 Min -> 13024.68360269999  [0, 1, 2, 2, 2, 2, 1, 1]
125 - Testing [0, 1, 2, 2, 2, 2, 1, 2] got 22203.947021839496 Min -> 13024.68360269999  [0, 1, 2, 2, 2, 2, 1, 2]
126 - Testing [0, 1, 2, 2, 2, 2, 2, 0] got 24721.217489611572 Min -> 13024.68360269999  [0, 1, 2, 2, 2, 2, 2, 0]
127 - Testing [0, 1, 2, 2, 2, 2, 2, 1] got 22248.99546355443 Min -> 13024.68360269999  [0, 1, 2, 2, 2, 2, 2, 1]
128 - Testing [0, 1, 2, 2, 2, 2, 2, 2] got 20270.478332306597 Min -> 13024.68360269999  [0, 1, 2, 2, 2, 2, 2, 2]
131 - Testing [0, 2, 1, 1, 0, 0, 0, 0] got 78069.27630325186 Min -> 13024.68360269999  [0, 2, 1, 1, 0, 0, 0, 0]
132 - Testing [0, 2, 1, 1, 1, 0, 0, 0] got 43463.52792584507 Min -> 13024.68360269999  [0, 2, 1, 1, 1, 0, 0, 0]
133 - Testing [0, 2, 1, 1, 1, 1, 0, 0] got 32001.68756596659 Min -> 13024.68360269999  [0, 2, 1, 1, 1, 1, 0, 0]
134 - Testing [0, 2, 1, 1, 1, 1, 1, 0] got 24721.217489611572 Min -> 13024.68360269999  [0, 2, 1, 1, 1, 1, 1, 0]
135 - Testing [0, 2, 1, 1, 1, 1, 1, 1] got 20270.478332306597 Min -> 13024.68360269999  [0, 2, 1, 1, 1, 1, 1, 1]
136 - Testing [0, 2, 1, 1, 1, 1, 1, 2] got 17299.493919217388 Min -> 13024.68360269999  [0, 2, 1, 1, 1, 1, 1, 2]
137 - Testing [0, 2, 1, 1, 1, 1, 2, 0] got 20351.332001441267 Min -> 13024.68360269999  [0, 2, 1, 1, 1, 1, 2, 0]
138 - Testing [0, 2, 1, 1, 1, 1, 2, 1] got 17366.605266930943 Min -> 13024.68360269999  [0, 2, 1, 1, 1, 1, 2, 1]
139 - Testing [0, 2, 1, 1, 1, 1, 2, 2] got 15232.651074307732 Min -> 13024.68360269999  [0, 2, 1, 1, 1, 1, 2, 2]
140 - Testing [0, 2, 1, 1, 1, 2, 0, 0] got 26083.249209411097 Min -> 13024.68360269999  [0, 2, 1, 1, 1, 2, 0, 0]
141 - Testing [0, 2, 1, 1, 1, 2, 1, 0] got 21436.518699154585 Min -> 13024.68360269999  [0, 2, 1, 1, 1, 2, 1, 0]
142 - Testing [0, 2, 1, 1, 1, 2, 1, 1] got 18270.66667749481 Min -> 13024.68360269999  [0, 2, 1, 1, 1, 2, 1, 1]
143 - Testing [0, 2, 1, 1, 1, 2, 1, 2] got 16007.151886385502 Min -> 13024.68360269999  [0, 2, 1, 1, 1, 2, 1, 2]
144 - Testing [0, 2, 1, 1, 1, 2, 2, 0] got 18337.65675847153 Min -> 13024.68360269999  [0, 2, 1, 1, 1, 2, 2, 0]
145 - Testing [0, 2, 1, 1, 1, 2, 2, 1] got 16064.301632863524 Min -> 13024.68360269999  [0, 2, 1, 1, 1, 2, 2, 1]
146 - Testing [0, 2, 1, 1, 1, 2, 2, 2] got 14355.85658616658 Min -> 13024.68360269999  [0, 2, 1, 1, 1, 2, 2, 2]
147 - Testing [0, 2, 1, 1, 2, 0, 0, 0] got 29946.02299031596 Min -> 13024.68360269999  [0, 2, 1, 1, 2, 0, 0, 0]
148 - Testing [0, 2, 1, 1, 2, 1, 0, 0] got 24619.806435057817 Min -> 13024.68360269999  [0, 2, 1, 1, 2, 1, 0, 0]
149 - Testing [0, 2, 1, 1, 2, 1, 1, 0] got 20270.467654221062 Min -> 13024.68360269999  [0, 2, 1, 1, 2, 1, 1, 0]
150 - Testing [0, 2, 1, 1, 2, 1, 1, 1] got 17299.484995885578 Min -> 13024.68360269999  [0, 2, 1, 1, 2, 1, 1, 1]
151 - Testing [0, 2, 1, 1, 2, 1, 1, 2] got 15175.292096353112 Min -> 13024.68360269999  [0, 2, 1, 1, 2, 1, 1, 2]
152 - Testing [0, 2, 1, 1, 2, 1, 2, 0] got 17366.5963385684 Min -> 13024.68360269999  [0, 2, 1, 1, 2, 1, 2, 0]
153 - Testing [0, 2, 1, 1, 2, 1, 2, 1] got 15232.6434139 Min -> 13024.68360269999  [0, 2, 1, 1, 2, 1, 2, 1]
154 - Testing [0, 2, 1, 1, 2, 1, 2, 2] got 13628.783782862612 Min -> 13024.68360269999  [0, 2, 1, 1, 2, 1, 2, 2]
155 - Testing [0, 2, 1, 1, 2, 2, 0, 0] got 21356.054597152914 Min -> 13024.68360269999  [0, 2, 1, 1, 2, 2, 0, 0]
156 - Testing [0, 2, 1, 1, 2, 2, 1, 0] got 18270.657733885997 Min -> 13024.68360269999  [0, 2, 1, 1, 2, 2, 1, 0]
157 - Testing [0, 2, 1, 1, 2, 2, 1, 1] got 16007.14417850326 Min -> 13024.68360269999  [0, 2, 1, 1, 2, 2, 1, 1]
158 - Testing [0, 2, 1, 1, 2, 2, 1, 2] got 14306.40615771079 Min -> 13024.68360269999  [0, 2, 1, 1, 2, 2, 1, 2]
159 - Testing [0, 2, 1, 1, 2, 2, 2, 0] got 16064.293930764004 Min -> 13024.68360269999  [0, 2, 1, 1, 2, 2, 2, 0]
160 - Testing [0, 2, 1, 1, 2, 2, 2, 1] got 14355.849861202896 Min -> 13024.68360269999  [0, 2, 1, 1, 2, 2, 2, 1]
161 - Testing [0, 2, 1, 1, 2, 2, 2, 2] got 13024.68360269999 Min -> 13024.68360269999  [0, 2, 1, 1, 2, 2, 2, 2]
162 - Testing [0, 2, 1, 2, 0, 0, 0, 0] got 78069.27630325186 Min -> 13024.68360269999  [0, 2, 1, 2, 0, 0, 0, 0]
163 - Testing [0, 2, 1, 2, 1, 0, 0, 0] got 56288.07739092021 Min -> 13024.68360269999  [0, 2, 1, 2, 1, 0, 0, 0]
164 - Testing [0, 2, 1, 2, 1, 1, 0, 0] got 45019.47837506047 Min -> 13024.68360269999  [0, 2, 1, 2, 1, 1, 0, 0]
165 - Testing [0, 2, 1, 2, 1, 1, 1, 0] got 36765.873076142416 Min -> 13024.68360269999  [0, 2, 1, 2, 1, 1, 1, 0]
166 - Testing [0, 2, 1, 2, 1, 1, 1, 1] got 31053.401905822226 Min -> 13024.68360269999  [0, 2, 1, 2, 1, 1, 1, 1]
167 - Testing [0, 2, 1, 2, 1, 1, 1, 2] got 26971.62301229638 Min -> 13024.68360269999  [0, 2, 1, 2, 1, 1, 1, 2]
168 - Testing [0, 2, 1, 2, 1, 1, 2, 0] got 31121.14839367837 Min -> 13024.68360269999  [0, 2, 1, 2, 1, 1, 2, 0]
169 - Testing [0, 2, 1, 2, 1, 1, 2, 1] got 27029.594499500217 Min -> 13024.68360269999  [0, 2, 1, 2, 1, 1, 2, 1]
170 - Testing [0, 2, 1, 2, 1, 1, 2, 2] got 23960.365080235 Min -> 13024.68360269999  [0, 2, 1, 2, 1, 1, 2, 2]
171 - Testing [0, 2, 1, 2, 1, 2, 0, 0] got 37905.690456076816 Min -> 13024.68360269999  [0, 2, 1, 2, 1, 2, 0, 0]
172 - Testing [0, 2, 1, 2, 1, 2, 1, 0] got 32069.406208557553 Min -> 13024.68360269999  [0, 2, 1, 2, 1, 2, 1, 0]
173 - Testing [0, 2, 1, 2, 1, 2, 1, 1] got 27841.63914363455 Min -> 13024.68360269999  [0, 2, 1, 2, 1, 2, 1, 1]
174 - Testing [0, 2, 1, 2, 1, 2, 1, 2] got 24670.530388334915 Min -> 13024.68360269999  [0, 2, 1, 2, 1, 2, 1, 2]
175 - Testing [0, 2, 1, 2, 1, 2, 2, 0] got 27899.60837274455 Min -> 13024.68360269999  [0, 2, 1, 2, 1, 2, 2, 0]
176 - Testing [0, 2, 1, 2, 1, 2, 2, 1] got 24721.224186798976 Min -> 13024.68360269999  [0, 2, 1, 2, 1, 2, 2, 1]
177 - Testing [0, 2, 1, 2, 1, 2, 2, 2] got 22249.0014135639 Min -> 13024.68360269999  [0, 2, 1, 2, 1, 2, 2, 2]
178 - Testing [0, 2, 1, 2, 2, 0, 0, 0] got 43463.52792584507 Min -> 13024.68360269999  [0, 2, 1, 2, 2, 0, 0, 0]
179 - Testing [0, 2, 1, 2, 2, 1, 0, 0] got 36684.279808842955 Min -> 13024.68360269999  [0, 2, 1, 2, 2, 1, 0, 0]
180 - Testing [0, 2, 1, 2, 2, 1, 1, 0] got 31053.393052036903 Min -> 13024.68360269999  [0, 2, 1, 2, 2, 1, 1, 0]
181 - Testing [0, 2, 1, 2, 2, 1, 1, 1] got 26971.61541382487 Min -> 13024.68360269999  [0, 2, 1, 2, 2, 1, 1, 1]
182 - Testing [0, 2, 1, 2, 2, 1, 1, 2] got 23909.65396114396 Min -> 13024.68360269999  [0, 2, 1, 2, 2, 1, 1, 2]
183 - Testing [0, 2, 1, 2, 2, 1, 2, 0] got 27029.586900888455 Min -> 13024.68360269999  [0, 2, 1, 2, 2, 1, 2, 0]
184 - Testing [0, 2, 1, 2, 2, 1, 2, 1] got 23960.358446146653 Min -> 13024.68360269999  [0, 2, 1, 2, 2, 1, 2, 1]
185 - Testing [0, 2, 1, 2, 2, 1, 2, 2] got 21572.815575873283 Min -> 13024.68360269999  [0, 2, 1, 2, 2, 1, 2, 2]
186 - Testing [0, 2, 1, 2, 2, 2, 0, 0] got 32001.68756596659 Min -> 13024.68360269999  [0, 2, 1, 2, 2, 2, 0, 0]
187 - Testing [0, 2, 1, 2, 2, 2, 1, 0] got 27841.631514395056 Min -> 13024.68360269999  [0, 2, 1, 2, 2, 2, 1, 0]
188 - Testing [0, 2, 1, 2, 2, 2, 1, 1] got 24670.523696721306 Min -> 13024.68360269999  [0, 2, 1, 2, 2, 2, 1, 1]
189 - Testing [0, 2, 1, 2, 2, 2, 1, 2] got 22203.947021839496 Min -> 13024.68360269999  [0, 2, 1, 2, 2, 2, 1, 2]
190 - Testing [0, 2, 1, 2, 2, 2, 2, 0] got 24721.217489611572 Min -> 13024.68360269999  [0, 2, 1, 2, 2, 2, 2, 0]
191 - Testing [0, 2, 1, 2, 2, 2, 2, 1] got 22248.99546355443 Min -> 13024.68360269999  [0, 2, 1, 2, 2, 2, 2, 1]
192 - Testing [0, 2, 1, 2, 2, 2, 2, 2] got 20270.478332306597 Min -> 13024.68360269999  [0, 2, 1, 2, 2, 2, 2, 2]
194 - Testing [0, 2, 2, 1, 0, 0, 0, 0] got 78069.27630325186 Min -> 13024.68360269999  [0, 2, 2, 1, 0, 0, 0, 0]
195 - Testing [0, 2, 2, 1, 1, 0, 0, 0] got 43463.52792584507 Min -> 13024.68360269999  [0, 2, 2, 1, 1, 0, 0, 0]
196 - Testing [0, 2, 2, 1, 1, 1, 0, 0] got 32001.68756596659 Min -> 13024.68360269999  [0, 2, 2, 1, 1, 1, 0, 0]
197 - Testing [0, 2, 2, 1, 1, 1, 1, 0] got 24721.217489611572 Min -> 13024.68360269999  [0, 2, 2, 1, 1, 1, 1, 0]
198 - Testing [0, 2, 2, 1, 1, 1, 1, 1] got 20270.478332306597 Min -> 13024.68360269999  [0, 2, 2, 1, 1, 1, 1, 1]
199 - Testing [0, 2, 2, 1, 1, 1, 1, 2] got 17299.493919217388 Min -> 13024.68360269999  [0, 2, 2, 1, 1, 1, 1, 2]
200 - Testing [0, 2, 2, 1, 1, 1, 2, 0] got 20351.332001441267 Min -> 13024.68360269999  [0, 2, 2, 1, 1, 1, 2, 0]
201 - Testing [0, 2, 2, 1, 1, 1, 2, 1] got 17366.605266930943 Min -> 13024.68360269999  [0, 2, 2, 1, 1, 1, 2, 1]
202 - Testing [0, 2, 2, 1, 1, 1, 2, 2] got 15232.651074307732 Min -> 13024.68360269999  [0, 2, 2, 1, 1, 1, 2, 2]
203 - Testing [0, 2, 2, 1, 1, 2, 0, 0] got 26083.249209411097 Min -> 13024.68360269999  [0, 2, 2, 1, 1, 2, 0, 0]
204 - Testing [0, 2, 2, 1, 1, 2, 1, 0] got 21436.518699154585 Min -> 13024.68360269999  [0, 2, 2, 1, 1, 2, 1, 0]
205 - Testing [0, 2, 2, 1, 1, 2, 1, 1] got 18270.66667749481 Min -> 13024.68360269999  [0, 2, 2, 1, 1, 2, 1, 1]
206 - Testing [0, 2, 2, 1, 1, 2, 1, 2] got 16007.151886385502 Min -> 13024.68360269999  [0, 2, 2, 1, 1, 2, 1, 2]
207 - Testing [0, 2, 2, 1, 1, 2, 2, 0] got 18337.65675847153 Min -> 13024.68360269999  [0, 2, 2, 1, 1, 2, 2, 0]
208 - Testing [0, 2, 2, 1, 1, 2, 2, 1] got 16064.301632863524 Min -> 13024.68360269999  [0, 2, 2, 1, 1, 2, 2, 1]
209 - Testing [0, 2, 2, 1, 1, 2, 2, 2] got 14355.85658616658 Min -> 13024.68360269999  [0, 2, 2, 1, 1, 2, 2, 2]
210 - Testing [0, 2, 2, 1, 2, 0, 0, 0] got 29946.02299031596 Min -> 13024.68360269999  [0, 2, 2, 1, 2, 0, 0, 0]
